# Blender 3.6.2
# www.blender.org
mtllib testCube.mtl
o Cube
v 0.742022 0.012421 -1.537874
v 1.515204 -0.815697 0.110280
v 0.239417 1.637305 -0.485666
v 1.012599 0.809187 1.162488
v -1.032683 -0.808537 -1.117817
v -0.259502 -1.636655 0.530337
v -1.535288 0.816346 -0.065609
v -0.762107 -0.011772 1.582545
vn -0.3866 0.4141 -0.8241
vn -0.2513 0.8124 0.5261
vn -0.8874 -0.4105 0.2100
vn 0.3866 -0.4141 0.8241
vn 0.8874 0.4105 -0.2100
vn 0.2513 -0.8124 -0.5261
vt 0.625000 0.500000
vt 0.875000 0.500000
vt 0.875000 0.750000
vt 0.625000 0.750000
vt 0.375000 0.750000
vt 0.625000 1.000000
vt 0.375000 1.000000
vt 0.375000 0.000000
vt 0.625000 0.000000
vt 0.625000 0.250000
vt 0.375000 0.250000
vt 0.125000 0.500000
vt 0.375000 0.500000
vt 0.125000 0.750000
s 0
usemtl Material
f 1/1/1 5/2/1 7/3/1 3/4/1
f 4/5/2 3/4/2 7/6/2 8/7/2
f 8/8/3 7/9/3 5/10/3 6/11/3
f 6/12/4 2/13/4 4/5/4 8/14/4
f 2/13/5 1/1/5 3/4/5 4/5/5
f 6/11/6 5/10/6 1/1/6 2/13/6
o Cube.001
v 0.117677 0.636148 -1.873540
v 0.890858 -0.191970 -0.225386
v -0.384928 2.261032 -0.821332
v 0.388253 1.432914 0.826822
v -1.657028 -0.184810 -1.453483
v -0.883847 -1.012928 0.194671
v -2.159633 1.440073 -0.401275
v -1.386452 0.611955 1.246878
vn -0.3866 0.4141 -0.8241
vn -0.2513 0.8124 0.5261
vn -0.8874 -0.4105 0.2100
vn 0.3866 -0.4141 0.8241
vn 0.8874 0.4105 -0.2100
vn 0.2513 -0.8124 -0.5261
vt 0.625000 0.500000
vt 0.875000 0.500000
vt 0.875000 0.750000
vt 0.625000 0.750000
vt 0.375000 0.750000
vt 0.625000 1.000000
vt 0.375000 1.000000
vt 0.375000 0.000000
vt 0.625000 0.000000
vt 0.625000 0.250000
vt 0.375000 0.250000
vt 0.125000 0.500000
vt 0.375000 0.500000
vt 0.125000 0.750000
s 0
usemtl Material
f 9/15/7 13/16/7 15/17/7 11/18/7
f 12/19/8 11/18/8 15/20/8 16/21/8
f 16/22/9 15/23/9 13/24/9 14/25/9
f 14/26/10 10/27/10 12/19/10 16/28/10
f 10/27/11 9/15/11 11/18/11 12/19/11
f 14/25/12 13/24/12 9/15/12 10/27/12
o Cube.002
v 1.453537 0.794411 -1.822720
v 2.226718 -0.033707 -0.174566
v 0.950932 2.419295 -0.770512
v 1.724113 1.591177 0.877642
v -0.321169 -0.026548 -1.402663
v 0.452013 -0.854666 0.245491
v -0.823774 1.598336 -0.350456
v -0.050592 0.770218 1.297698
vn -0.3866 0.4141 -0.8241
vn -0.2513 0.8124 0.5261
vn -0.8874 -0.4105 0.2100
vn 0.3866 -0.4141 0.8241
vn 0.8874 0.4105 -0.2100
vn 0.2513 -0.8124 -0.5261
vt 0.625000 0.500000
vt 0.875000 0.500000
vt 0.875000 0.750000
vt 0.625000 0.750000
vt 0.375000 0.750000
vt 0.625000 1.000000
vt 0.375000 1.000000
vt 0.375000 0.000000
vt 0.625000 0.000000
vt 0.625000 0.250000
vt 0.375000 0.250000
vt 0.125000 0.500000
vt 0.375000 0.500000
vt 0.125000 0.750000
s 0
usemtl Material
f 17/29/13 21/30/13 23/31/13 19/32/13
f 20/33/14 19/32/14 23/34/14 24/35/14
f 24/36/15 23/37/15 21/38/15 22/39/15
f 22/40/16 18/41/16 20/33/16 24/42/16
f 18/41/17 17/29/17 19/32/17 20/33/17
f 22/39/18 21/38/18 17/29/18 18/41/18
